1 1 0.0
1 2 817.3079537037039
1 3 1633.494240740741
1 4 465.9622592592593
1 5 558.0518888888888
1 6 1372.2105185185185
1 7 570.683361111111
1 8 739.1513888888888
1 9 1243.3249722222226
1 10 237.46907407407406
1 11 236.20007407407405
1 12 2835.137555555556
2 1 1246.504981481482
2 2 0.0
2 3 30285.057046296293
2 4 9679.225694444442
2 5 7134.88824074074
2 6 27884.694416666665
2 7 10335.733231481481
2 8 20191.685560185186
2 9 19750.432305555554
2 10 2565.078231481482
2 11 9060.896398148148
2 12 80476.99458333332
3 1 2247.1049166666667
3 2 16652.492953703706
3 3 0.0
3 4 13448.761712962962
3 5 13600.776212962963
3 6 31473.304833333335
3 7 12153.13487037037
3 8 46777.34075
3 9 8450.640277777777
3 10 2949.199444444445
3 11 10219.0295
3 12 16051.799472222223
4 1 600.4006296296296
4 2 7831.840444444446
4 3 51978.55475925926
4 4 0.0
4 5 8909.483944444446
4 6 18483.627212962965
4 7 15822.899907407413
4 8 14954.705805555555
4 9 17726.8045
4 10 15323.78537962963
4 11 16766.727879629634
4 12 27990.666814814813
5 1 1871.270712962963
5 2 4998.7545
5 3 26910.33388888889
5 4 4895.9141759259255
5 5 0.0
5 6 10625.36598148148
5 7 4865.742314814815
5 8 57436.89465740741
5 9 9306.03312962963
5 10 2187.324527777778
5 11 3152.12187962963
5 12 9959.011268518518
6 1 2240.400416666667
6 2 21877.957425925928
6 3 113463.98408333333
6 4 20515.462388888885
6 5 9982.18347222222
6 6 0.0
6 7 16716.50699074074
6 8 43538.14375925926
6 9 38887.88021296297
6 10 5848.7087037037045
6 11 13114.497222222222
6 12 44060.41826851852
7 1 924.6723333333332
7 2 9933.471916666665
7 3 37294.438101851854
7 4 10218.031277777776
7 5 5707.462157407407
7 6 16227.095203703706
7 7 0.0
7 8 7247.494796296295
7 9 10665.438175925927
7 10 1589.5345000000004
7 11 4280.565592592592
7 12 16106.471731481482
8 1 876.3019074074073
8 2 28892.493444444444
8 3 136463.05803703703
8 4 12943.970583333334
8 5 17563.47637962963
8 6 45213.78951851852
8 7 11239.853842592593
8 8 0.0
8 9 58073.08223148148
8 10 9588.984027777778
8 11 28264.33024074074
8 12 62524.20659259259
9 1 3219.5910185185176
9 2 48323.866537037036
9 3 76473.21323148148
9 4 28987.60351851852
9 5 37891.99274074074
9 6 78514.77408333332
9 7 27050.692703703706
9 8 68920.09989814815
9 9 0.0
9 10 9512.606675925925
9 11 29549.77326851852
9 12 101841.12187962963
10 1 248.74343518518523
10 2 1175.552287037037
10 3 6586.515351851853
10 4 9594.650574074074
10 5 1341.09625
10 6 4328.962175925927
10 7 1197.0531388888887
10 8 16720.017870370364
10 9 4015.3017870370363
10 10 0.0
10 11 21256.031805555547
10 12 2612.2617129629625
11 1 311.9543611111111
11 2 16969.86039814815
11 3 61104.64402777779
11 4 7023.601787037036
11 5 4480.085703703704
11 6 16135.261601851851
11 7 5213.557990740741
11 8 24308.566851851854
11 9 24659.66371296296
11 10 6686.270722222223
11 11 0.0
11 12 14136.198490740739
12 1 3153.9167129629623
12 2 121017.29386111112
12 3 87794.63674074074
12 4 50077.64944444445
12 5 23883.17962037037
12 6 72754.1496388889
12 7 25051.728546296297
12 8 74354.94087037037
12 9 168343.59146296297
12 10 8271.577611111112
12 11 33881.19899999999
12 12 0.0
